1 0.090479 0.566213 0.140062 0.867575
1 0.207014 0.552781 0.151055 0.894438
1 0.368404 0.565645 0.140501 0.656829
1 0.476913 0.513621 0.123571 0.670072
1 0.389622 0.515702 0.079595 0.627317
1 0.677331 0.580401 0.118514 0.778661
1 0.870493 0.516269 0.137643 0.779796
1 0.731201 0.449111 0.074538 0.501703
1 0.297713 0.475974 0.072999 0.696935
1 0.534301 0.240825 0.055409 0.136587
1 0.967678 0.357548 0.026825 0.276958
1 0.940743 0.366629 0.036719 0.270904
1 0.848285 0.517972 0.084433 0.615210
1 0.589710 0.257473 0.019789 0.086644
