0 0.085250 0.933917 0.056500 0.090833
0 0.160250 0.929250 0.023500 0.061167
0 0.174625 0.932917 0.019250 0.060833
0 0.182250 0.929250 0.032000 0.059167
0 0.261625 0.929833 0.028250 0.055667
0 0.287875 0.928000 0.028250 0.058000
0 0.273125 0.927750 0.017750 0.057500
0 0.319375 0.929667 0.024750 0.052667
0 0.366750 0.930083 0.038000 0.056167
0 0.347125 0.929833 0.029750 0.057000
0 0.448500 0.927583 0.028000 0.057833
0 0.499000 0.927250 0.024500 0.059167
0 0.526250 0.925917 0.030000 0.058833
0 0.569125 0.931083 0.034750 0.067167
0 0.655875 0.924417 0.021750 0.051833
0 0.514000 0.905917 0.016000 0.023833
0 0.532375 0.906667 0.011250 0.029667
0 0.558000 0.922750 0.020500 0.060167