1 0.549095 0.742454 0.223337 0.353150
1 0.681228 0.649475 0.160960 0.269816
1 0.806474 0.676837 0.115506 0.251575
1 0.419323 0.679134 0.112948 0.229921
1 0.370622 0.630381 0.080480 0.195144
1 0.314542 0.614961 0.065919 0.149606
1 0.192346 0.756890 0.318969 0.378871
1 0.041716 0.616601 0.083038 0.164173
1 0.073790 0.644554 0.147186 0.212205
1 0.736816 0.615486 0.073396 0.134646
1 0.909681 0.749016 0.177883 0.382283
1 0.880559 0.715945 0.198347 0.351575
1 0.502755 0.590092 0.048800 0.077034
1 0.611964 0.645144 0.063361 0.150656
1 0.753935 0.635499 0.070248 0.136877
