0 0.012848 0.750435 0.025261 0.066415
0 0.038981 0.724188 0.027439 0.123550
0 0.070013 0.737674 0.024172 0.111079
0 0.325893 0.718532 0.035061 0.120360
0 0.115418 0.962152 0.027003 0.075696
0 0.130009 0.975203 0.017857 0.049594
0 0.166921 0.956497 0.045078 0.087007
0 0.223976 0.947361 0.045949 0.104118
0 0.258602 0.908643 0.040723 0.152552
0 0.305314 0.900812 0.060976 0.114269
0 0.393075 0.787268 0.042247 0.140081
0 0.435976 0.761021 0.042247 0.118329
0 0.423454 0.826711 0.037674 0.131961
0 0.907230 0.450261 0.014373 0.054234