1 0.235126 0.582804 0.057993 0.177405
1 0.152794 0.623185 0.046575 0.167423
1 0.083684 0.496824 0.039964 0.165154
1 0.039363 0.511343 0.052885 0.175136
1 0.140024 0.157668 0.040865 0.134755
1 0.112680 0.200318 0.056490 0.129310
1 0.562800 0.160390 0.040865 0.125681
1 0.563101 0.444646 0.060096 0.147005
1 0.646184 0.367287 0.028546 0.126588
1 0.786659 0.719601 0.053486 0.176044
1 0.991587 0.589610 0.016827 0.170145
1 0.879958 0.445100 0.051382 0.141561
1 0.841046 0.409483 0.072115 0.139292
1 0.946214 0.272913 0.033654 0.099365
1 0.801683 0.282895 0.032452 0.122051
1 0.787710 0.256125 0.027344 0.128403
1 0.742638 0.246370 0.032752 0.141561
1 0.640024 0.262477 0.029447 0.120236
1 0.630709 0.285163 0.032452 0.134755
1 0.600661 0.270644 0.032452 0.114791
1 0.203876 0.384528 0.035757 0.137477
1 0.239483 0.319192 0.026442 0.122958
1 0.217248 0.289020 0.029447 0.125227
1 0.283353 0.295826 0.031250 0.137024
1 0.275841 0.274955 0.023438 0.118875
1 0.376803 0.285163 0.029447 0.132940
1 0.360276 0.273820 0.027644 0.127495
1 0.343149 0.263612 0.025240 0.119782
