1 0.157026 0.557065 0.153727 0.276139
1 0.273486 0.560883 0.088898 0.255564
1 0.384220 0.559783 0.113160 0.221014
1 0.470788 0.528468 0.046778 0.160714
1 0.552407 0.578675 0.106755 0.284679
1 0.604134 0.574081 0.087151 0.239777
1 0.716615 0.578093 0.156832 0.354684
1 0.844429 0.505823 0.066188 0.143375
1 0.438373 0.475867 0.021933 0.035326
1 0.316964 0.455422 0.049301 0.035067
1 0.657706 0.472567 0.012616 0.024068
1 0.641498 0.473991 0.011646 0.027692
1 0.629464 0.472891 0.011258 0.026009
1 0.613548 0.469203 0.010093 0.016304
