1 0.107376 0.227347 0.077832 0.163950
1 0.166667 0.263038 0.076610 0.125163
1 0.237368 0.235495 0.082722 0.156128
1 0.317645 0.287973 0.100652 0.158735
1 0.206805 0.357725 0.082722 0.123533
1 0.219641 0.437093 0.049715 0.137549
1 0.151385 0.444263 0.066422 0.137549
1 0.158313 0.578716 0.080277 0.176336
1 0.101059 0.830346 0.136104 0.251304
1 0.254686 0.540580 0.099430 0.183507
1 0.420130 0.487125 0.101874 0.208931
1 0.518745 0.399446 0.097800 0.160039
1 0.584352 0.549218 0.083945 0.186441
1 0.750000 0.591428 0.129992 0.175033
1 0.786879 0.683018 0.119804 0.187419
1 0.866341 0.648468 0.090465 0.183507
1 0.917482 0.784550 0.123472 0.233377
