0 0.887285 0.709633 0.054342 0.142356
0 0.934087 0.727379 0.042902 0.149766
0 0.845424 0.138066 0.029901 0.115445
0 0.717499 0.240250 0.028341 0.118565
0 0.678887 0.227769 0.021841 0.113105
0 0.653536 0.213729 0.022101 0.113105
0 0.474779 0.148401 0.031201 0.114275
0 0.461518 0.129485 0.016121 0.102184
0 0.414197 0.168877 0.021321 0.124805
0 0.340484 0.296607 0.028341 0.111934
0 0.300052 0.283151 0.027041 0.104524
0 0.293162 0.244540 0.027821 0.107644
0 0.436947 0.457683 0.031981 0.128315
0 0.497920 0.456903 0.036921 0.131435
0 0.106474 0.609789 0.055902 0.114275
0 0.088794 0.587559 0.035101 0.130655
0 0.061362 0.583268 0.062402 0.117395
0 0.080083 0.361739 0.050962 0.111934
0 0.038612 0.331318 0.048622 0.105694
0 0.051872 0.360569 0.046542 0.120515
0 0.027431 0.063768 0.040822 0.090094
0 0.081253 0.142161 0.041342 0.039392
0 0.267941 0.067473 0.018981 0.071763
0 0.196698 0.087559 0.022621 0.094774
0 0.182917 0.093019 0.029901 0.097114
0 0.540562 0.071373 0.023921 0.099064
0 0.526521 0.030811 0.018721 0.060842
0 0.514821 0.026521 0.020801 0.052262
0 0.327873 0.025351 0.029121 0.049922
0 0.305772 0.028081 0.034321 0.055382