0 0.068750 0.584917 0.080000 0.149167
0 0.198500 0.546917 0.055000 0.110500
0 0.270375 0.587583 0.089250 0.168833
0 0.347750 0.581833 0.056500 0.140667
0 0.453875 0.585000 0.090750 0.163667
0 0.670250 0.595917 0.155000 0.210500
0 0.765625 0.590167 0.089250 0.163667
0 0.816500 0.577167 0.069000 0.160667
0 0.365875 0.533083 0.039250 0.069833
0 0.318875 0.540250 0.045250 0.071167
0 0.468000 0.511000 0.022000 0.035000
0 0.492750 0.511500 0.021500 0.031000
0 0.512375 0.529083 0.037750 0.058167
0 0.390000 0.507750 0.021500 0.041500
0 0.597125 0.577750 0.102750 0.207833
0 0.676500 0.585417 0.048500 0.203500
0 0.901250 0.517667 0.035000 0.062000
0 0.701500 0.506250 0.027000 0.045167