0 0.138000 0.871441 0.132000 0.225534
0 0.381167 0.857874 0.121667 0.180160
0 0.031167 0.796708 0.017000 0.024466
0 0.016167 0.800378 0.011000 0.021130
0 0.004667 0.798932 0.008667 0.026690
0 0.183333 0.794039 0.008667 0.018238
0 0.213833 0.793817 0.009000 0.018238
0 0.223833 0.794150 0.008333 0.018906
0 0.353167 0.794595 0.011667 0.018461
0 0.359333 0.792149 0.010000 0.025133
0 0.439167 0.791815 0.015667 0.015125
0 0.489833 0.791259 0.010333 0.017571
0 0.497500 0.790925 0.012333 0.014680
0 0.511333 0.795707 0.020667 0.020685
0 0.548167 0.797598 0.014333 0.024021
0 0.559167 0.796708 0.015667 0.026246
0 0.644667 0.793706 0.012667 0.025578
0 0.721833 0.792149 0.019000 0.027358
0 0.753333 0.785254 0.015333 0.019795
0 0.902667 0.787923 0.012000 0.017571
0 0.818000 0.794929 0.014667 0.021352
0 0.935833 0.794262 0.015667 0.028025