1 0.147162 0.075781 0.075483 0.103906
1 0.251902 0.053125 0.084845 0.097656
1 0.187244 0.240234 0.072557 0.087500
1 0.239321 0.264258 0.078408 0.083984
1 0.851668 0.171094 0.076653 0.097656
1 0.955822 0.170117 0.075483 0.101953
1 0.488882 0.340234 0.060269 0.088281
1 0.451434 0.364648 0.061439 0.083203
1 0.389702 0.367578 0.064365 0.087500
1 0.201580 0.448828 0.070802 0.100000
1 0.123464 0.445703 0.067876 0.107813
1 0.040082 0.435937 0.067291 0.104688
1 0.060854 0.588086 0.078408 0.059766
1 0.064950 0.828125 0.067876 0.093750
1 0.193388 0.959180 0.075483 0.072266
1 0.863078 0.840430 0.097133 0.093359
1 0.512873 0.774219 0.104740 0.094531
1 0.317145 0.792773 0.092452 0.086328
1 0.586015 0.587500 0.090696 0.078906
1 0.762434 0.514062 0.067876 0.078125
