1 0.085794 0.337411 0.024159 0.091979
1 0.067623 0.340663 0.024985 0.087334
1 0.159096 0.478941 0.131117 0.267885
1 0.228164 0.415454 0.041297 0.113038
1 0.311480 0.537628 0.155069 0.598947
1 0.378071 0.489161 0.070617 0.397337
1 0.665703 0.663054 0.173033 0.533911
1 0.784534 0.628523 0.155895 0.695262
1 0.773900 0.360483 0.033450 0.126974
1 0.419368 0.497522 0.033450 0.226386
1 0.466963 0.354289 0.035722 0.091669
1 0.445798 0.362961 0.028908 0.092289
1 0.510118 0.431403 0.042742 0.256426
1 0.564010 0.437752 0.036548 0.248684
1 0.603964 0.392691 0.022713 0.125116
1 0.626471 0.374419 0.017758 0.037783
1 0.671175 0.421338 0.044807 0.093837
1 0.661677 0.358935 0.020442 0.060081
1 0.639996 0.365283 0.008879 0.036854
1 0.696366 0.391607 0.015486 0.105605
1 0.733120 0.369774 0.017964 0.074946
1 0.986372 0.405698 0.026017 0.139362
1 0.963659 0.355373 0.030973 0.061629
1 0.961594 0.415763 0.022713 0.057293
1 0.865269 0.438836 0.102622 0.272530
