1 0.202250 0.784125 0.187833 0.431750
1 0.243083 0.615625 0.040500 0.151250
1 0.279333 0.538000 0.030333 0.117500
1 0.318833 0.587375 0.074667 0.161750
1 0.333000 0.622250 0.033333 0.099000
1 0.379333 0.609625 0.046333 0.102250
1 0.318083 0.811875 0.213833 0.369750
1 0.449583 0.804250 0.158167 0.391500
1 0.649167 0.778625 0.354333 0.433750
1 0.509333 0.587500 0.042000 0.199000
1 0.527583 0.564000 0.032833 0.163000
1 0.429333 0.520000 0.029333 0.073500
1 0.383083 0.522375 0.026833 0.103750
1 0.341167 0.532125 0.042000 0.093250
1 0.401250 0.504750 0.013167 0.059000
1 0.419000 0.495875 0.015667 0.046750
1 0.456000 0.513375 0.015333 0.055250
1 0.471917 0.547125 0.022833 0.117250
1 0.479000 0.492000 0.019000 0.042500
1 0.463833 0.479125 0.007667 0.017750
1 0.456167 0.479250 0.008667 0.016500
1 0.426833 0.476125 0.009000 0.015250
