1 0.263503 0.489439 0.125000 0.271123
1 0.402103 0.402199 0.119406 0.267940
1 0.473862 0.313802 0.085841 0.268808
1 0.679012 0.333623 0.077160 0.274306
1 0.779707 0.293403 0.091435 0.254051
1 0.200231 0.770399 0.145833 0.243345
1 0.582465 0.583333 0.105903 0.216435
1 0.227334 0.146123 0.112847 0.276620
1 0.105613 0.314381 0.140625 0.171586
1 0.118731 0.529225 0.132909 0.258102
1 0.510706 0.119792 0.054977 0.226273
1 0.590760 0.770833 0.113619 0.186343
1 0.819637 0.496962 0.150077 0.292535
1 0.895737 0.570457 0.147955 0.259549
1 0.444637 0.073785 0.057099 0.146991
