0 0.151833 0.710375 0.110333 0.273250
0 0.058333 0.230000 0.101667 0.340500
0 0.238500 0.369000 0.080667 0.303500
0 0.524667 0.579875 0.169000 0.470750
0 0.375750 0.204875 0.063833 0.279750
0 0.365250 0.167875 0.090833 0.288250
0 0.586917 0.257625 0.116833 0.306750
0 0.634083 0.151625 0.074833 0.275250
0 0.856583 0.230375 0.082167 0.343750
0 0.936583 0.304375 0.087167 0.295750
0 0.946417 0.146250 0.077833 0.284000
0 0.746083 0.089125 0.069833 0.174250
0 0.266667 0.247875 0.073333 0.198250
0 0.178833 0.038750 0.059333 0.077000