0 0.028333 0.726625 0.056000 0.130750
0 0.138833 0.643750 0.040333 0.081500
0 0.079833 0.711875 0.047667 0.122250
0 0.100667 0.703125 0.028000 0.110750
0 0.298500 0.624500 0.046333 0.080500
0 0.267167 0.661375 0.050333 0.091750
0 0.528500 0.633750 0.031000 0.070000
0 0.593000 0.730000 0.074000 0.133500
0 0.891000 0.747875 0.061333 0.139750
0 0.812500 0.739000 0.054333 0.147000
0 0.788167 0.644250 0.050333 0.093000
0 0.858333 0.655125 0.046000 0.089750
0 0.648667 0.700500 0.057333 0.122000
0 0.681333 0.669750 0.042000 0.094000
0 0.643667 0.650500 0.039333 0.080500
0 0.615333 0.632250 0.043333 0.081500
0 0.456833 0.816625 0.054333 0.164750
0 0.728000 0.899875 0.084667 0.200250
0 0.771000 0.899875 0.062667 0.200250
0 0.421500 0.915000 0.075000 0.170000
0 0.274000 0.932250 0.070000 0.135500
0 0.188167 0.865500 0.083667 0.217000
0 0.141500 0.756750 0.085000 0.147000
0 0.409667 0.775500 0.052000 0.145000
0 0.319500 0.878625 0.085000 0.159750
0 0.493667 0.716625 0.053333 0.125250
0 0.490167 0.648375 0.046333 0.057750
0 0.486833 0.612500 0.036333 0.054500
0 0.449333 0.650375 0.025333 0.086750
0 0.427833 0.667625 0.018333 0.054250
0 0.388167 0.749500 0.081000 0.157500
0 0.393833 0.670250 0.033667 0.082500
0 0.365167 0.680125 0.029667 0.104250
0 0.338167 0.668625 0.036333 0.089750
0 0.351333 0.627000 0.040667 0.065000
0 0.388167 0.605625 0.033667 0.063750
0 0.740833 0.770750 0.069667 0.110500
0 0.722833 0.735375 0.050333 0.121250
0 0.038167 0.589000 0.027667 0.046500
0 0.065167 0.589625 0.019000 0.048750
0 0.087000 0.582000 0.013333 0.031000
0 0.096667 0.590125 0.020667 0.042750
0 0.097833 0.573750 0.016333 0.031000
0 0.139833 0.577500 0.021000 0.035500
0 0.157500 0.563875 0.013667 0.025250
0 0.165500 0.562750 0.017667 0.029500
0 0.170000 0.576250 0.010667 0.035500
0 0.183667 0.576500 0.013333 0.036000
0 0.223667 0.564375 0.012000 0.031750
0 0.216000 0.565500 0.008000 0.033500
0 0.211500 0.568500 0.007667 0.027500
0 0.206000 0.574750 0.010667 0.023500
0 0.200500 0.569375 0.014333 0.035750
0 0.415500 0.601125 0.025667 0.053750
0 0.450833 0.568125 0.012333 0.036250
0 0.190333 0.560875 0.009333 0.018750
0 0.258167 0.551500 0.015667 0.028500
0 0.294500 0.545875 0.011000 0.022750
0 0.386500 0.527875 0.009667 0.015250
0 0.424333 0.576000 0.016667 0.029000
0 0.428500 0.562125 0.013000 0.025750
0 0.436333 0.563875 0.009333 0.033250
0 0.459833 0.552375 0.008333 0.026750
0 0.450000 0.546750 0.011333 0.022000
0 0.198333 0.550125 0.008000 0.018250
0 0.922833 0.564500 0.015000 0.028000
0 0.942000 0.563875 0.014000 0.027750
0 0.943667 0.578250 0.014000 0.022500
0 0.929500 0.592625 0.021667 0.047250
0 0.963667 0.605500 0.024667 0.055500
0 0.986500 0.602000 0.021000 0.051000
0 0.995000 0.594250 0.008000 0.045000
0 0.800000 0.581250 0.018667 0.029000
0 0.814833 0.524250 0.017667 0.024500
0 0.537333 0.522625 0.005333 0.010250